square

lattice:
i j t Q1 Q2
1 2 1 0 0
1 2 1 0 -1
1 4 1 0 0
1 4 1 -1 0
2 3 1 0 0
2 3 1 -1 0
3 4 1 0 0
3 4 1 0 1

t: 1.00

mu: 2.00
U: 4.00
Tep: 0.00

cluster:
i j t
1 2 1
1 4 1
2 3 1
3 4 1

t: 1.00

mu: 2.00



------------------------------------------------
honey

lattice:
i j t Q1 Q2
1 2 1 0 0
1 6 1 0 0
1 4 1 -1 0
2 3 1 0 0
2 5 1 0 -1
3 4 1 0 0
3 6 1 1 -1
4 5 1 0 0
5 6 1 0 0

t: 1.00

mu: 2.00
U: 4.00
Tep: 0.00

cluster:
i j t
1 2 1
1 6 1
2 3 1
3 4 1
4 5 1
5 6 1

t: 1.00

mu: 2.00


---------------------------------
triag

lattice:
i j t Q1 Q2
1 2 1 0 0
1 2 1 -1 0
1 2 1 -1 -1
1 3 1 0 0
1 3 1 0 -1
1 3 1 -1 -1
2 3 1 0 0
2 3 1 0 -1
2 3 1 1 0

t: 1.00

mu: 1.25
U: 4.00
Tep: 0.00

cluster:
i j t
1 2 1
1 3 1
2 3 1

t: 1.40751415702271

mu: 1.35206298304968



----------------------------------------
betts8

lattice:
i j t Q1 Q2
1 2 1 0 0
1 4 1 0 0
1 6 1 0 -1
1 8 1 0 -1
2 3 1 1 0
2 5 1 0 0
2 7 1 1 0
3 4 1 0 0
3 6 1 -1 -1
3 8 1 0 -1
4 5 1 0 0
4 7 1 0 0
5 6 1 0 0
5 8 1 0 0
6 7 1 1 0
7 8 1 0 0

t: 1.00

mu: 2.00
U: 4.00
Tep: 0.00

cluster:
i j t
1 2 1
1 4 1
1 6 1
1 8 1
2 3 1
2 5 1
2 7 1
3 4 1
3 6 1
3 8 1
4 5 1
4 7 1
5 6 1
5 8 1
6 7 1
7 8 1

t: 1.00

mu: 2.00



--------------------------------------
ladder8

lattice:
i j t Q1 Q2
1 2 1 0 0
1 4 1 -1 0
1 5 1 0 0
2 3 1 0 0
2 6 1 0 0
3 4 1 0 0
3 7 1 0 0
4 8 1 0 0
5 6 1 0 0
5 8 1 -1 0
6 7 1 0 0
7 8 1 0 0

t: 0.7071067812

mu: 0.00
U: 0.00
Tep: 0.00

cluster:
i j t
1 2 1
1 4 1
1 5 1
2 3 1
2 6 1
3 4 1
3 7 1
4 8 1
5 6 1
5 8 1
6 7 1
7 8 1

t: 0.7071067812

mu: 0.00

RS
VSO: 0.00